150
125
125
60
273
342
287
385
931
147
490
750
204
525
455
156
425
728
234
50
45
147
770
255
310
50
27
399
132
10
380
990
385
42
21
130
196
66
33
210
135
1710
171
850
10
595
8
348
90
315
196
27
23
231
770
459
228
105
741
45
255
605
312
114
140
1
770
76
42
60
156
910
50
78
735
294
510
306
525
525
126
306
132
28
4
748
650
390
532
10
429
532
741
475
126
130
420
204
50
462
150
795
612
42
420
60
10
147
912
285
1
110
28
170
855
150
30
5746
665
490
444
833
765
152
12
252
735
294
1
196
325
390
30
1
570
594
98
572
68
462
700
36
60
765
220
950
969
42
289
225
510
114
42
170
700
595
833
315
105
378
780
441
580
490
585
85
117
532
1235
63
99
627
152
19
84
286
105
620
315
126
888
195
70
343
147
308
798
765
935
30
825
136
68
34
105
84
182
70
693
231
484
510
126
200
330
182
945
260
105
275
231
525
798
132
380
110
399
375
744
308
266
175
833
342
357
504
147
12
150
860
10
588
266
133
225
297
68
342
342
588
805
690
308
273
140
564
525
462
374
20
40
23
153
770
510
63
21
168
12
330
665
510
273
273
660
665
338
126
462
273
30
735
950
950
735
665
770
28
500
198
45
28
14
110
10
462
870
539
11
945
175
550
399
108
572
36
98
8
18
210
385
88
51
130
7
315
630
665
150
105
546
390
255
60
460
120
37
126
130
490
102
550
385
510
868
2744
343
850
975
980
245
770
110
245
665
399
875
315
245
105
114
350
234
539
475
132
228
126
595
42
330
138
30
154
245
735
12
380
285
441