47
33
33
44
41
59
56
41
51
35
53
70
56
52
43
52
45
76
53
30
29
35
57
43
56
30
27
47
50
15
60
74
41
30
18
38
50
34
22
49
46
82
43
61
15
47
24
68
45
50
50
27
25
39
57
58
58
33
53
29
43
45
72
42
48
0
57
41
30
44
52
59
30
36
54
51
59
57
52
52
47
57
50
29
12
64
57
55
62
15
45
62
53
47
47
38
69
56
30
55
47
79
77
30
69
44
15
35
102
45
0
36
29
42
62
47
28
77
49
53
76
49
60
57
25
67
54
51
0
50
41
55
28
0
61
72
34
60
39
55
71
42
44
60
52
63
57
30
42
48
59
42
30
42
71
47
49
50
33
68
75
52
70
53
56
30
37
62
55
31
35
51
57
21
46
44
33
72
50
47
96
39
32
39
35
54
63
60
51
28
56
55
39
27
33
46
40
32
56
39
58
59
47
66
53
40
71
54
33
39
39
52
63
50
60
36
47
50
90
54
46
35
49
59
45
91
35
25
47
84
15
71
46
34
48
52
39
59
59
71
53
65
54
41
48
86
52
55
48
27
43
25
41
57
59
31
18
66
25
53
49
59
41
41
73
49
46
47
55
41
28
54
63
63
54
49
57
29
69
51
29
29
17
36
15
55
71
43
13
71
35
55
47
63
60
42
34
24
26
49
41
49
28
38
9
50
70
49
47
33
57
55
43
44
64
64
39
47
38
53
40
55
41
59
74
99
39
61
58
73
37
57
36
37
49
47
54
50
37
33
42
51
53
43
47
50
58
47
47
30
53
46
28
38
37
54
25
60
45
52