6847652
496160623
2204475
2782260
4252325
1075305
1587355
55421366
5807540
75034141
11532430
5392485
93435825
3704810
5067335
2200143
1779050
11862305
1466199
1307215
284062350
1893749
38541975
1019084
1856370243
1856370243
34858551
3857100
23029900
22037015
1614354
1658415
98518420
1482741
9639783
5620300
1341130
243062022
12109559
795014682
2275205730
2275205730
7145525
91284550
6474250
7475325
12544623
3935295
1063335
27966309
160390155
2005255
9590763
1126650
1043119
1387659
5594175
3501498
31580475
1061025
3030250
2061234
67453365
2711125
3370318
1714765
4434885
63339654
2024925
3528775
5970503
2326569
4646460
2172170
4841550
88254250
88254250
1291150
33999189
46347015
5212030
115591245
1585650
2016014
38848425
2536842
50565270
1730750
1751358
1968685
6471855
32479265
4144812
3873530
9057699
1670284
104130950
19015010
96807945
96807945
1573775
1561625
1711435
5844685
3084939
1863875
19361589
1311765
12105470
6170395
18384457
5576025
1651125
2119260
3917550
2444625
1344189
1778715
7149170
2995825
9713613
46240948
1091740
1593834
7424725
6701625
6939350
1913010
138597745
2903005
1212162
3617676
2549078
2556260
2556260
1683493
52640925
24686844
4327554
2947945
177330230
14314125
2406690
4282980
10796370
322839146
10707450
2713865
10386915
2426490
1144780
1486940
1279250
640859835
1617270
5264805
32391086
3764565
2396394
101483655
9504750
2366168
1802340
442234804
21168147
4615065
5571750
1330420
1878500
2916914
17483375
35353175
1926925
227950562
6911450
608734445
608734445
6170395