214
247
167
226
194
157
152
228
203
209
196
205
232
183
184
156
170
186
176
140
278
151
227
182
290
290
211
224
232
195
170
156
265
162
211
224
166
259
176
305
340
340
182
263
210
193
211
191
160
201
239
185
200
186
141
148
207
198
223
182
186
213
237
174
172
159
200
235
173
160
180
165
220
174
235
265
265
172
225
219
193
236
186
177
228
174
235
188
184
167
195
189
228
183
207
177
255
206
237
237
152
162
161
178
195
168
206
162
192
184
189
193
177
196
211
213
150
188
227
178
181
243
169
179
181
216
200
178
221
166
174
244
181
195
195
171
241
252
186
158
243
220
193
206
218
265
209
174
187
217
181
189
182
274
197
181
204
189
193
238
219
218
210
274
211
196
207
187
194
183
215
203
157
258
205
249
249
184