547230
346885
1645
458337
38874
4810
293265
116850
66250
2650
703885
10230
1326
53130
103675
687820
14630
2541
15675
9675
1596
1230
169388
238650
1989
14805
1435
7595
5005
306306
1425
2964
38038
301455
380625
14630
129129
2236
2420
2244
474145
48100
3534
73644
1530
19740
15162
9633
613275
41548
84915
1330
145775
268345
317471
3339
3230
1155
242172
17050
9108
1395
11400
116402
8294
14196
4386
42770
42770
2926
11270
3325
21147
44625
133133
133133
108927
12642
7350
49875
10868
72030
231770
4550
17787
223665
6732
8370
493430
33852
13950
5814
362404
6475
642466
7514
64974
32487
822066
3850
600495
2178
11200
1155
5950
142443
433048
82173
492765
173901
770
1275
1683
37570
14399
1155
223839
166842
6270
51870
236670
48906
71630
227997
1716
10108
2760
2058
13475
1715
1092
4940
11284
30685
70980
11165
2331
6897
4935
1071
60270
1375
1001
265980
5005
2150
741
1750
299782
782068
15675
1050
8415
1785
31900
7803
213675
31806
31635
206635
206635
12495
73150
1365
5550
79695
12614
6460
18810
121095
1495
71775
7975
1530
123046
7353
3315
2002
604010
281580
5635
3185
1785
1435
5775
117572
13158
2850
28861
105105
55335
3990
1290
1078
25578
2244
7980
4389
26163
8855
1955
30940
1617
98553
21483
7854
78078
159790
17802
40755
6474250
7812
1722
26418
1170
4095
225302
337610
114114
188727
40365
17160
2244
55335
63206
2565
42315
7050
12597
206283
129514
1287
1617
3906
66402
3978
401310
4459
31654
2050
9750
18921
704900
34307
131138
1950
2310
54908
362355
190
855393
140415
275275
13585
25806
927010
228228
1590
64170
4370
88179
1508
16983
574574
18445
6468
26796
632225
1330
24010
1365
4305
5733
24010
5586
1309
115710
371910
13650
21318
532532
3234
2142
38850
23870
3654
2695
303620
13377
638690
2470
15138
62062
384370
173565
8085
283556
112530
25410
1881
12996
3255
219351
195755
46550
474266
373635
2030
79860
8925
12276
162750
19019
80808
2470
25970
22785
6175
852150
265980
802575
2080
12958
127756
392370
2002
1974
101010
5733
9030
10710
37700
10241
1518
71050
199386
75075
25025
2926
11560
416024
2460
27965
246
8330
7875
7875
5831
2873
2730
3915
2470
17765
4830
45220
22610
3927
182595
6750
241129
21315
562590
1001
27846
26622
1148
6045
193325
320790
26390
92820
3213
1444
35378
11550
16695
45084
3534
563125
465885
9996
46835
30225
22330
32604
1365
30940
12243
86779
78155
10388
151725
739970
911625
2470
9555
30590
618450
4123
6125
12580
75950
876090
439530
305102
5301
383097
460955
2226
10962
7546
5852
1463
12597
131175
7735
48314
643994
2790
56355
34188
2618
238238
2310
21147
1295
55825
92169
489566
13804
13804
13545
5565
2850
4165
134995
578956
68894
243474
5358
425425
1683
39780
42483
4732
449673
23310
63945
36075
3108
3718
36309
580754
28380
707020
977466
411255
24157
108675
135450
9386
20090
3534
176358
24024
279825
276925
3116
68229
33150
168130
11730
3388
10710
19565
16450
34238
34238
14490
2205
9435
3770
1155
1235
507375
172515
140250
383838
734825
6783
18354
18354
19866
4551
11685
841725
845325
591675
13650
488775
26220
11100
62205
949025
5700
1599
10115
42770
70035
8075
11970
13395
4465
23275
1722
38675
461370
29750
10850
1470
11655
2550
141778
141778
516215
8918
68875
1014
2475
73950
3003
3549
24871
87362
51800
19425
3570
34782
1610
13377
25270
23205
1083
121730
2337
10830
132990
119510
1716
1113
166782
12075
4025
18837
2550
1365
70642
7581
213675
50061
60333
29155
33915
10633
10780
1421
10881
1925
87514
37905
48314
285418
494285
98857
115620
609501
9555
3570
69230
227766
4095
5624
3570
3150
700910
465690
32844
9177
23569
506345
36894
90132
115115
2090
66555
16170
12876
50540
9933
62271
211926
167790
36570
358435
6510
4641
1386
37375
232323
8925
4563
583583
383061
3220
8575
4522
3724
263958
11115
3388
11011
84035
6475
50505
11025
9135
7752
19551
468350
30030
2226
9765
13566
2030
61985
67155
58275
1295
7475
7475
2625
398970
3604
1935
3458
3185
3094
3675
35875
23569
1653
51675
50820
2470
57498
25900
1911
219450
31372
12691
2277
2805
219725
8415
4180
425258
3055
9010
180642
209475
2730
25308
103530
56056
390
10710
33350
9010
533533
1122
15015
274125
2736
185725
570570
40749
246050
1197
37555
24486
2805
7942
77140
3213
16170
44030
912373
83421
83421
13005
1444
104052
16380
152490
4522
3094
303450
5865
26390
380133
458055
3185
1134
30723
1235
50050
5915
23940
932178
8085
8050
475475
4522
160395
9282
5814
24510
1276
4641
6210
2660
2660
250705
16302
3705
3500
267995
28028
46436
11375
8200
26235
13090
2625
1470
3927
18326
435183
145061
16562
6545
68450
7410
2470
109802
7315
1785
7038
18513
221235
164934
2226
122388
740278
15015
6384
3380
106330
2401
44030
9163
3432
353535
353535
353535
51615
776910
2618
18326
45815
14467
6174
13377
609615
503965
2583
13566
17043
253011
2170
5775
103740
183645
9009
1110
3850
2635
10626
5355
4263
14161
110825
8840
1105
1071
23970
23970
543950
207515
2420
33558
15015
343070
371469
65835
9588
7700
154938
25530
1155
99015
25641
10010
333333
26010
184450
9471
23465
86490
22990
164220
48825
156695
118755
765850
138380
43725
21252
34782
2431
8745
1430
23478
15810
22386
163982
4165
5250
12220
66495
671925
81263
901945
104006
8092
5922
1330
1785
8855
62475
14022
5031
7125
59850
81770
4370
1122
140980
3876
5985
4620
4004
572390
4830
2415
1326
3381
290605
231
17578
17578
48433
1125
902139
5130
72875
35650
3003
4655
895230
3306
28275
28126
1190
12243
82621
3822
575050
14326
29040
40180
6783
2415
30135
1375
3626
7770
623441
12642
2744
5814
806113
25333
141470
61215
53130
68552
385710
4420
57575
10010
1470
32585
4230
2475
4182
2926
273702
41650
82308
1521
3135
182091
119658
4788
1050
13566
4230
3325
5635
243542
18655
945516
158025
290037
7150
55335
75313
10920
464607
21489
5070
4522
6314
49210
15525
9975
7315
13923
197106
197106
14161
18411
140505
163982
3465
3465
1020
56202
47175
75250
4389
2610
37842
64350
47502
184730
20468
142065
100485
550550
198135
4275
7875
1292
46683
2170
225250
3663
2145
46189