165
143
77
143
116
89
149
147
147
97
134
102
67
123
113
165
94
64
93
109
83
83
171
167
68
115
71
82
68
154
64
89
102
159
157
94
127
92
81
85
135
136
87
134
80
138
100
80
152
131
140
65
120
131
125
98
75
58
177
104
116
74
136
124
87
112
97
124
124
71
94
68
114
114
107
107
124
112
101
116
97
136
147
82
89
139
110
119
165
130
121
94
176
86
164
81
121
97
167
80
156
80
191
58
86
128
178
123
138
122
57
62
66
104
78
58
132
147
90
121
152
123
118
150
81
99
109
76
85
58
77
91
105
92
143
84
82
76
94
62
137
58
49
165
68
87
53
74
137
184
93
72
89
64
126
93
140
133
117
113
113
89
121
60
102
124
111
95
115
151
59
128
82
80
134
100
70
65
143
161
74
64
64
71
81
132
118
84
96
118
113
86
85
59
123
85
110
72
120
78
63
118
60
111
105
90
121
134
124
101
210
120
85
116
76
81
129
159
127
133
122
136
85
113
106
83
109
112
84
137
128
62
60
96
135
88
175
66
102
85
105
112
191
94
124
78
78
151
140
44
146
129
124
80
106
163
155
95
139
81
109
78
113
153
92
104
126
134
65
107
60
88
83
107
88
53
137
156
107
102
159
80
82
131
106
94
62
164
87
143
71
116
114
139
138
83
156
135
111
68
120
78
121
133
117
148
144
75
143
87
124
156
82
164
71
124
103
74
168
165
187
126
95
155
163
65
91
139
83
110
109
128
76
71
127
163
116
91
71
117
170
103
108
64
88
100
100
70
61
80
93
71
84
90
124
100
70
149
124
127
101
184
49
117
129
84
84
127
153
106
147
83
74
104
105
121
126
87
162
165
110
102
107
104
122
60
118
106
105
109
121
126
159
157
71
85
106
170
75
79
113
129
183
158
146
88
143
129
97
119
84
91
55
84
152
74
112
160
94
105
134
69
129
78
114
67
107
122
137
107
107
111
100
84
68
117
166
122
143
103
130
66
143
101
87
138
129
126
113
101
71
99
148
138
186
175
152
92
147
166
85
112
87
133
138
146
143
96
126
117
140
100
83
109
100
116
123
123
115
75
94
81
58
55
171
149
146
153
138
78
104
104
116
99
100
189
161
155
107
151
126
126
111
146
108
75
78
124
117
78
111
106
89
93
85
97
154
113
100
74
105
82
132
132
148
86
113
63
77
133
66
68
86
112
158
107
84
114
69
87
102
95
59
148
81
98
137
130
81
81
133
93
72
99
82
60
108
80
140
124
103
93
101
84
106
61
103
60
132
103
112
144
139
116
172
143
85
84
130
141
81
112
84
97
153
163
126
84
96
139
122
152
109
69
132
107
123
126
96
121
133
153
136
128
98
72
76
101
133
87
85
145
143
89
81
77
87
162
93
83
74
112
86
115
102
97
117
93
149
113
97
99
98
75
103
117
132
67
78
78
75
166
106
86
73
64
71
77
113
96
69
129
139
71
136
130
62
150
119
90
72
68
135
89
89
140
83
109
135
147
80
138
135
142
55
109
114
109
135
65
89
150
131
119
158
116
147
64
110
126
68
83
136
83
107
118
143
123
123
95
74
144
133
135
77
71
154
80
106
161
190
64
93
97
55
115
70
139
163
83
92
132
77
129
92
94
122
76
72
111
85
85
123
98
72
98
125
114
133
85
129
125
92
75
74
70
94
153
132
92
72
136
92
71
124
74
64
98
95
144
148
97
164
145
89
135
85
131
60
118
74
105
144
144
144
129
177
69
94
97
95
101
87
156
130
86
98
90
133
77
81
149
154
87
79
80
71
96
85
78
80
115
113
53
62
124
124
161
120
81
126
89
141
134
120
121
104
139
120
58
129
111
88
146
119
139
94
88
147
98
157
126
121
132
171
146
127
120
114
59
104
63
118
108
116
142
68
99
119
113
150
118
143
118
95
112
65
64
78
116
118
94
87
142
124
81
65
160
93
87
102
85
153
90
70
67
72
123
39
109
109
104
71
144
107
129
116
66
70
191
85
105
114
63
106
116
82
175
95
166
136
78
70
113
58
85
104
131
112
99
94
135
104
154
129
123
149
161
89
121
88
74
95
110
77
95
71
141
115
136
64
70
125
139
108
72
98
110
68
74
130
98
177
142
139
86
113
128
132
140
96
86
77
93
120
114
89
74
93
135
135
80
90
123
142
79
79
79
120
117
139
72
92
132
140
129
135
121
142
130
152
144
85
100
72
120
77
159
86
64
92